 0.00000000e+00 -7.07107236e-01 1.41438798e+00 1.39194474e+00
 1.00000000e+00 -6.84668520e-01 1.45788974e+00 1.34639316e+00
 2.00000000e+00 -6.61561237e-01 1.49996789e+00 1.29952684e+00
 3.00000000e+00 -6.37807951e-01 1.54058135e+00 1.25139156e+00
 4.00000000e+00 -6.13431856e-01 1.57969045e+00 1.20203432e+00
 5.00000000e+00 -5.88456755e-01 1.61725702e+00 1.15150331e+00
 6.00000000e+00 -5.62907036e-01 1.65324436e+00 1.09984787e+00
 7.00000000e+00 -5.36807649e-01 1.68761734e+00 1.04711845e+00
 8.00000000e+00 -5.10184077e-01 1.72034238e+00 9.93366544e-01
 9.00000000e+00 -4.83062319e-01 1.75138755e+00 9.38644628e-01
 1.00000000e+01 -4.55468860e-01 1.78072251e+00 8.83006141e-01
 1.10000000e+01 -4.27430642e-01 1.80831862e+00 8.26505414e-01
 1.20000000e+01 -3.98975046e-01 1.83414895e+00 7.69197619e-01
 1.30000000e+01 -3.70129858e-01 1.85818825e+00 7.11138715e-01
 1.40000000e+01 -3.40923244e-01 1.88041307e+00 6.52385396e-01
 1.50000000e+01 -3.11383724e-01 1.90080170e+00 5.92995034e-01
 1.60000000e+01 -2.81540143e-01 1.91933423e+00 5.33025623e-01
 1.70000000e+01 -2.51421643e-01 1.93599256e+00 4.72535721e-01
 1.80000000e+01 -2.21057635e-01 1.95076042e+00 4.11584395e-01
 1.90000000e+01 -1.90477767e-01 1.96362340e+00 3.50231165e-01
 2.00000000e+01 -1.59711901e-01 1.97456894e+00 2.88535940e-01
 2.10000000e+01 -1.28790078e-01 1.98358634e+00 2.26558964e-01
 2.20000000e+01 -9.77424949e-02 1.99066681e+00 1.64360757e-01
 2.30000000e+01 -6.65994676e-02 1.99580342e+00 1.02002055e-01
 2.40000000e+01 -3.53914070e-02 1.99899116e+00 3.95437499e-02
 2.50000000e+01 -4.14878726e-03 2.00022693e+00 -2.29531693e-02
 2.60000000e+01 2.70978837e-02 1.99950950e+00 -8.54276751e-02
 2.70000000e+01 5.83180940e-02 1.99683959e+00 -1.47818762e-01
 2.80000000e+01 8.94813576e-02 1.99221980e+00 -2.10065507e-01
 2.90000000e+01 1.20557244e-01 1.98565464e+00 -2.72107126e-01
 3.00000000e+01 1.51515409e-01 1.97715052e+00 -3.33883037e-01
 3.10000000e+01 1.82325621e-01 1.96671575e+00 -3.95332917e-01
 3.20000000e+01 2.12957796e-01 1.95436051e+00 -4.56396762e-01
 3.30000000e+01 2.43382020e-01 1.94009688e+00 -5.17014942e-01
 3.40000000e+01 2.73568587e-01 1.92393877e+00 -5.77128266e-01
 3.50000000e+01 3.03488018e-01 1.90590197e+00 -6.36678035e-01
 3.60000000e+01 3.33111098e-01 1.88600408e+00 -6.95606098e-01
 3.70000000e+01 3.62408901e-01 1.86426455e+00 -7.53854913e-01
 3.80000000e+01 3.91352818e-01 1.84070459e+00 -8.11367602e-01
 3.90000000e+01 4.19914586e-01 1.81534722e+00 -8.68088004e-01
 4.00000000e+01 4.48066314e-01 1.78821719e+00 -9.23960733e-01
 4.10000000e+01 4.75780513e-01 1.75934100e+00 -9.78931230e-01
 4.20000000e+01 5.03030120e-01 1.72874684e+00 -1.03294582e+00
 4.30000000e+01 5.29788527e-01 1.69646459e+00 -1.08595175e+00
 4.40000000e+01 5.56029604e-01 1.66252577e+00 -1.13789727e+00
 4.50000000e+01 5.81727728e-01 1.62696352e+00 -1.18873165e+00
 4.60000000e+01 6.06857805e-01 1.58981257e+00 -1.23840526e+00
 4.70000000e+01 6.31395295e-01 1.55110919e+00 -1.28686958e+00
 4.80000000e+01 6.55316239e-01 1.51089118e+00 -1.33407730e+00
 4.90000000e+01 6.78597277e-01 1.46919782e+00 -1.37998232e+00
 5.00000000e+01 7.01215677e-01 1.42606980e+00 -1.42453980e+00
 5.10000000e+01 7.23149351e-01 1.38154926e+00 -1.46770625e+00
 5.20000000e+01 7.44376883e-01 1.33567965e+00 -1.50943950e+00
 5.30000000e+01 7.64877543e-01 1.28850577e+00 -1.54969882e+00
 5.40000000e+01 7.84631313e-01 1.24007370e+00 -1.58844487e+00
 5.50000000e+01 8.03618904e-01 1.19043071e+00 -1.62563984e+00
 5.60000000e+01 8.21821774e-01 1.13962528e+00 -1.66124740e+00
 5.70000000e+01 8.39222150e-01 1.08770703e+00 -1.69523278e+00
 5.80000000e+01 8.55803039e-01 1.03472665e+00 -1.72756280e+00
 5.90000000e+01 8.71548252e-01 9.80735884e-01 -1.75820588e+00
 6.00000000e+01 8.86442412e-01 9.25787442e-01 -1.78713210e+00
 6.10000000e+01 9.00470976e-01 8.69934984e-01 -1.81431321e+00
 6.20000000e+01 9.13620246e-01 8.13233049e-01 -1.83972268e+00
 6.30000000e+01 9.25877381e-01 7.55737006e-01 -1.86333569e+00
 6.40000000e+01 9.37230412e-01 6.97502999e-01 -1.88512919e+00
 6.50000000e+01 9.47668254e-01 6.38587892e-01 -1.90508189e+00
 6.60000000e+01 9.57180714e-01 5.79049214e-01 -1.92317431e+00
 6.70000000e+01 9.65758503e-01 5.18945105e-01 -1.93938878e+00
 6.80000000e+01 9.73393245e-01 4.58334255e-01 -1.95370947e+00
 6.90000000e+01 9.80077485e-01 3.97275849e-01 -1.96612240e+00
 7.00000000e+01 9.85804697e-01 3.35829510e-01 -1.97661544e+00
 7.10000000e+01 9.90569287e-01 2.74055239e-01 -1.98517835e+00
 7.20000000e+01 9.94366602e-01 2.12013358e-01 -1.99180277e+00
 7.30000000e+01 9.97192936e-01 1.49764450e-01 -1.99648223e+00
 7.40000000e+01 9.99045527e-01 8.73692987e-02 -1.99921216e+00
 7.50000000e+01 9.99922568e-01 2.48888331e-02 -1.99998988e+00
 7.60000000e+01 9.99823201e-01 -3.76159361e-02 -1.99881466e+00
 7.70000000e+01 9.98747524e-01 -1.00083974e-01 -1.99568762e+00
 7.80000000e+01 9.96696587e-01 -1.62454281e-01 -1.99061183e+00
 7.90000000e+01 9.93672392e-01 -2.24665955e-01 -1.98359224e+00
 8.00000000e+01 9.89677893e-01 -2.86658246e-01 -1.97463571e+00
 8.10000000e+01 9.84716991e-01 -3.48370620e-01 -1.96375097e+00
 8.20000000e+01 9.78794529e-01 -4.09742817e-01 -1.95094867e+00
 8.30000000e+01 9.71916291e-01 -4.70714906e-01 -1.93624130e+00
 8.40000000e+01 9.64088993e-01 -5.31227350e-01 -1.91964323e+00
 8.50000000e+01 9.55320278e-01 -5.91221060e-01 -1.90117065e+00
 8.60000000e+01 9.45618710e-01 -6.50637452e-01 -1.88084161e+00
 8.70000000e+01 9.34993761e-01 -7.09418508e-01 -1.85867597e+00
 8.80000000e+01 9.23455806e-01 -7.67506829e-01 -1.83469536e+00
 8.90000000e+01 9.11016113e-01 -8.24845693e-01 -1.80892320e+00
 9.00000000e+01 8.97686827e-01 -8.81379108e-01 -1.78138465e+00
 9.10000000e+01 8.83480966e-01 -9.37051872e-01 -1.75210662e+00
 9.20000000e+01 8.68412401e-01 -9.91809621e-01 -1.72111768e+00
 9.30000000e+01 8.52495845e-01 -1.04559888e+00 -1.68844810e+00
 9.40000000e+01 8.35746842e-01 -1.09836714e+00 -1.65412978e+00
 9.50000000e+01 8.18181746e-01 -1.15006285e+00 -1.61819623e+00
 9.60000000e+01 7.99817710e-01 -1.20063555e+00 -1.58068253e+00
 9.70000000e+01 7.80672665e-01 -1.25003585e+00 -1.54162533e+00
 9.80000000e+01 7.60765307e-01 -1.29821552e+00 -1.50106276e+00
 9.90000000e+01 7.40115074e-01 -1.34512749e+00 -1.45903443e+00
 1.00000000e+02 7.18742131e-01 -1.39072597e+00 -1.41558137e+00
 1.01000000e+02 6.96667349e-01 -1.43496643e+00 -1.37074602e+00
 1.02000000e+02 6.73912283e-01 -1.47780567e+00 -1.32457216e+00
 1.03000000e+02 6.50499153e-01 -1.51920186e+00 -1.27710488e+00
 1.04000000e+02 6.26450822e-01 -1.55911458e+00 -1.22839053e+00
 1.05000000e+02 6.01790772e-01 -1.59750484e+00 -1.17847667e+00
 1.06000000e+02 5.76543084e-01 -1.63433517e+00 -1.12741206e+00
 1.07000000e+02 5.50732411e-01 -1.66956960e+00 -1.07524654e+00
 1.08000000e+02 5.24383958e-01 -1.70317372e+00 -1.02203107e+00
 1.09000000e+02 4.97523452e-01 -1.73511472e+00 -9.67817594e-01
 1.10000000e+02 4.70177123e-01 -1.76536141e+00 -9.12659065e-01
 1.11000000e+02 4.42371674e-01 -1.79388426e+00 -8.56609340e-01
 1.12000000e+02 4.14134257e-01 -1.82065541e+00 -7.99723150e-01
 1.13000000e+02 3.85492444e-01 -1.84564872e+00 -7.42056044e-01
 1.14000000e+02 3.56474205e-01 -1.86883978e+00 -6.83664333e-01
 1.15000000e+02 3.27107875e-01 -1.89020595e+00 -6.24605036e-01
 1.16000000e+02 2.97422129e-01 -1.90972637e+00 -5.64935822e-01
 1.17000000e+02 2.67445956e-01 -1.92738198e+00 -5.04714958e-01
 1.18000000e+02 2.37208626e-01 -1.94315553e+00 -4.44001248e-01
 1.19000000e+02 2.06739666e-01 -1.95703162e+00 -3.82853979e-01
 1.20000000e+02 1.76068829e-01 -1.96899670e+00 -3.21332859e-01
 1.21000000e+02 1.45226063e-01 -1.97903909e+00 -2.59497963e-01
 1.22000000e+02 1.14241486e-01 -1.98714898e+00 -1.97409672e-01
 1.23000000e+02 8.31453547e-02 -1.99331846e+00 -1.35128613e-01
 1.24000000e+02 5.19680332e-02 -1.99754149e+00 -7.27156041e-02
 1.25000000e+02 2.07399657e-02 -1.99981396e+00 -1.02315893e-02
 1.26000000e+02 -1.05083539e-02 -2.00013364e+00 5.22624164e-02
 1.27000000e+02 -4.17464124e-02 -1.99850023e+00 1.14705389e-01
